2021/03/18-12:40:29.412491 7f660f774700 RocksDB version: 6.18.0
2021/03/18-12:40:29.412568 7f660f774700 Compile date 2021-03-08 00:52:55
2021/03/18-12:40:29.412651 7f660f774700 DB SUMMARY
2021/03/18-12:40:29.412655 7f660f774700 DB Session ID:  1SP1DG4JF2B17RJ5WORB
2021/03/18-12:40:29.412750 7f660f774700 CURRENT file:  CURRENT
2021/03/18-12:40:29.412754 7f660f774700 IDENTITY file:  IDENTITY
2021/03/18-12:40:29.412763 7f660f774700 MANIFEST file:  MANIFEST-000419 size: 345 Bytes
2021/03/18-12:40:29.412766 7f660f774700 SST files in db dir, Total Num: 3, files: 000409.sst 000412.sst 000418.sst 
2021/03/18-12:40:29.412769 7f660f774700 Write Ahead Log file in db: 000420.log size: 84580 ; 
2021/03/18-12:40:29.412776 7f660f774700                         Options.error_if_exists: 0
2021/03/18-12:40:29.412779 7f660f774700                       Options.create_if_missing: 1
2021/03/18-12:40:29.412781 7f660f774700                         Options.paranoid_checks: 1
2021/03/18-12:40:29.412782 7f660f774700                               Options.track_and_verify_wals_in_manifest: 0
2021/03/18-12:40:29.412784 7f660f774700                                     Options.env: 0x7f65cb903ac0
2021/03/18-12:40:29.412786 7f660f774700                                      Options.fs: Posix File System
2021/03/18-12:40:29.412789 7f660f774700                                Options.info_log: 0x7f66082b9f50
2021/03/18-12:40:29.412790 7f660f774700                Options.max_file_opening_threads: 16
2021/03/18-12:40:29.412792 7f660f774700                              Options.statistics: (nil)
2021/03/18-12:40:29.412795 7f660f774700                               Options.use_fsync: 0
2021/03/18-12:40:29.412797 7f660f774700                       Options.max_log_file_size: 0
2021/03/18-12:40:29.412798 7f660f774700                  Options.max_manifest_file_size: 1073741824
2021/03/18-12:40:29.412800 7f660f774700                   Options.log_file_time_to_roll: 0
2021/03/18-12:40:29.412802 7f660f774700                       Options.keep_log_file_num: 1000
2021/03/18-12:40:29.412804 7f660f774700                    Options.recycle_log_file_num: 0
2021/03/18-12:40:29.412805 7f660f774700                         Options.allow_fallocate: 1
2021/03/18-12:40:29.412807 7f660f774700                        Options.allow_mmap_reads: 0
2021/03/18-12:40:29.412809 7f660f774700                       Options.allow_mmap_writes: 0
2021/03/18-12:40:29.412811 7f660f774700                        Options.use_direct_reads: 0
2021/03/18-12:40:29.412812 7f660f774700                        Options.use_direct_io_for_flush_and_compaction: 0
2021/03/18-12:40:29.412814 7f660f774700          Options.create_missing_column_families: 0
2021/03/18-12:40:29.412816 7f660f774700                              Options.db_log_dir: 
2021/03/18-12:40:29.412818 7f660f774700                                 Options.wal_dir: db
2021/03/18-12:40:29.412820 7f660f774700                Options.table_cache_numshardbits: 6
2021/03/18-12:40:29.412821 7f660f774700                         Options.WAL_ttl_seconds: 0
2021/03/18-12:40:29.412823 7f660f774700                       Options.WAL_size_limit_MB: 0
2021/03/18-12:40:29.412825 7f660f774700                        Options.max_write_batch_group_size_bytes: 1048576
2021/03/18-12:40:29.412827 7f660f774700             Options.manifest_preallocation_size: 4194304
2021/03/18-12:40:29.412829 7f660f774700                     Options.is_fd_close_on_exec: 1
2021/03/18-12:40:29.412831 7f660f774700                   Options.advise_random_on_open: 1
2021/03/18-12:40:29.412832 7f660f774700                    Options.db_write_buffer_size: 0
2021/03/18-12:40:29.412834 7f660f774700                    Options.write_buffer_manager: 0x7f66082ac3d0
2021/03/18-12:40:29.412836 7f660f774700         Options.access_hint_on_compaction_start: 1
2021/03/18-12:40:29.412838 7f660f774700  Options.new_table_reader_for_compaction_inputs: 0
2021/03/18-12:40:29.412840 7f660f774700           Options.random_access_max_buffer_size: 1048576
2021/03/18-12:40:29.412842 7f660f774700                      Options.use_adaptive_mutex: 0
2021/03/18-12:40:29.412844 7f660f774700                            Options.rate_limiter: (nil)
2021/03/18-12:40:29.412859 7f660f774700     Options.sst_file_manager.rate_bytes_per_sec: 0
2021/03/18-12:40:29.412861 7f660f774700                       Options.wal_recovery_mode: 2
2021/03/18-12:40:29.412863 7f660f774700                  Options.enable_thread_tracking: 0
2021/03/18-12:40:29.412865 7f660f774700                  Options.enable_pipelined_write: 0
2021/03/18-12:40:29.412866 7f660f774700                  Options.unordered_write: 0
2021/03/18-12:40:29.412868 7f660f774700         Options.allow_concurrent_memtable_write: 1
2021/03/18-12:40:29.412870 7f660f774700      Options.enable_write_thread_adaptive_yield: 1
2021/03/18-12:40:29.412872 7f660f774700             Options.write_thread_max_yield_usec: 100
2021/03/18-12:40:29.412873 7f660f774700            Options.write_thread_slow_yield_usec: 3
2021/03/18-12:40:29.412875 7f660f774700                               Options.row_cache: None
2021/03/18-12:40:29.412877 7f660f774700                              Options.wal_filter: None
2021/03/18-12:40:29.412879 7f660f774700             Options.avoid_flush_during_recovery: 0
2021/03/18-12:40:29.412880 7f660f774700             Options.allow_ingest_behind: 0
2021/03/18-12:40:29.412882 7f660f774700             Options.preserve_deletes: 0
2021/03/18-12:40:29.412884 7f660f774700             Options.two_write_queues: 0
2021/03/18-12:40:29.412885 7f660f774700             Options.manual_wal_flush: 0
2021/03/18-12:40:29.412887 7f660f774700             Options.atomic_flush: 0
2021/03/18-12:40:29.412889 7f660f774700             Options.avoid_unnecessary_blocking_io: 0
2021/03/18-12:40:29.412891 7f660f774700                 Options.persist_stats_to_disk: 0
2021/03/18-12:40:29.412893 7f660f774700                 Options.write_dbid_to_manifest: 0
2021/03/18-12:40:29.412895 7f660f774700                 Options.log_readahead_size: 0
2021/03/18-12:40:29.412897 7f660f774700                 Options.file_checksum_gen_factory: Unknown
2021/03/18-12:40:29.412899 7f660f774700                 Options.best_efforts_recovery: 0
2021/03/18-12:40:29.412900 7f660f774700                Options.max_bgerror_resume_count: 2147483647
2021/03/18-12:40:29.412902 7f660f774700            Options.bgerror_resume_retry_interval: 1000000
2021/03/18-12:40:29.412904 7f660f774700             Options.allow_data_in_errors: 0
2021/03/18-12:40:29.412906 7f660f774700             Options.db_host_id: __hostname__
2021/03/18-12:40:29.412909 7f660f774700             Options.max_background_jobs: 2
2021/03/18-12:40:29.412911 7f660f774700             Options.max_background_compactions: -1
2021/03/18-12:40:29.412913 7f660f774700             Options.max_subcompactions: 1
2021/03/18-12:40:29.412915 7f660f774700             Options.avoid_flush_during_shutdown: 0
2021/03/18-12:40:29.412917 7f660f774700           Options.writable_file_max_buffer_size: 1048576
2021/03/18-12:40:29.412919 7f660f774700             Options.delayed_write_rate : 16777216
2021/03/18-12:40:29.412921 7f660f774700             Options.max_total_wal_size: 0
2021/03/18-12:40:29.412922 7f660f774700             Options.delete_obsolete_files_period_micros: 21600000000
2021/03/18-12:40:29.412924 7f660f774700                   Options.stats_dump_period_sec: 600
2021/03/18-12:40:29.412926 7f660f774700                 Options.stats_persist_period_sec: 600
2021/03/18-12:40:29.412928 7f660f774700                 Options.stats_history_buffer_size: 1048576
2021/03/18-12:40:29.412930 7f660f774700                          Options.max_open_files: -1
2021/03/18-12:40:29.412932 7f660f774700                          Options.bytes_per_sync: 0
2021/03/18-12:40:29.412933 7f660f774700                      Options.wal_bytes_per_sync: 0
2021/03/18-12:40:29.412935 7f660f774700                   Options.strict_bytes_per_sync: 0
2021/03/18-12:40:29.412937 7f660f774700       Options.compaction_readahead_size: 0
2021/03/18-12:40:29.412939 7f660f774700                  Options.max_background_flushes: -1
2021/03/18-12:40:29.412941 7f660f774700 Compression algorithms supported:
2021/03/18-12:40:29.412946 7f660f774700 	kZSTDNotFinalCompression supported: 0
2021/03/18-12:40:29.412955 7f660f774700 	kZSTD supported: 0
2021/03/18-12:40:29.412958 7f660f774700 	kXpressCompression supported: 0
2021/03/18-12:40:29.412960 7f660f774700 	kLZ4HCCompression supported: 0
2021/03/18-12:40:29.412962 7f660f774700 	kLZ4Compression supported: 0
2021/03/18-12:40:29.412963 7f660f774700 	kBZip2Compression supported: 0
2021/03/18-12:40:29.412965 7f660f774700 	kZlibCompression supported: 0
2021/03/18-12:40:29.412967 7f660f774700 	kSnappyCompression supported: 0
2021/03/18-12:40:29.412973 7f660f774700 Fast CRC32 supported: Supported on x86
2021/03/18-12:40:29.413071 7f660f774700 [/version_set.cc:4765] Recovering from manifest file: db/MANIFEST-000419
2021/03/18-12:40:29.413290 7f660f774700 [/column_family.cc:596] --------------- Options for column family [default]:
2021/03/18-12:40:29.413299 7f660f774700               Options.comparator: leveldb.BytewiseComparator
2021/03/18-12:40:29.413301 7f660f774700           Options.merge_operator: None
2021/03/18-12:40:29.413304 7f660f774700        Options.compaction_filter: None
2021/03/18-12:40:29.413306 7f660f774700        Options.compaction_filter_factory: None
2021/03/18-12:40:29.413308 7f660f774700  Options.sst_partitioner_factory: None
2021/03/18-12:40:29.413310 7f660f774700         Options.memtable_factory: SkipListFactory
2021/03/18-12:40:29.413312 7f660f774700            Options.table_factory: BlockBasedTable
2021/03/18-12:40:29.413340 7f660f774700            table_factory options:   flush_block_policy_factory: FlushBlockBySizePolicyFactory (0x7f66082a8560)
  cache_index_and_filter_blocks: 0
  cache_index_and_filter_blocks_with_high_priority: 1
  pin_l0_filter_and_index_blocks_in_cache: 0
  pin_top_level_index_and_filter: 1
  index_type: 0
  data_block_index_type: 0
  index_shortening: 1
  data_block_hash_table_util_ratio: 0.750000
  hash_index_allow_collision: 1
  checksum: 1
  no_block_cache: 0
  block_cache: 0x7f66082a85b0
  block_cache_name: LRUCache
  block_cache_options:
    capacity : 8388608
    num_shard_bits : 4
    strict_capacity_limit : 0
    memory_allocator : None
    high_pri_pool_ratio: 0.000
  block_cache_compressed: (nil)
  persistent_cache: (nil)
  block_size: 4096
  block_size_deviation: 10
  block_restart_interval: 16
  index_block_restart_interval: 1
  metadata_block_size: 4096
  partition_filters: 0
  use_delta_encoding: 1
  filter_policy: nullptr
  whole_key_filtering: 1
  verify_compression: 0
  read_amp_bytes_per_bit: 0
  format_version: 4
  enable_index_compression: 1
  block_align: 0
2021/03/18-12:40:29.413343 7f660f774700        Options.write_buffer_size: 67108864
2021/03/18-12:40:29.413344 7f660f774700  Options.max_write_buffer_number: 2
2021/03/18-12:40:29.413348 7f660f774700          Options.compression: NoCompression
2021/03/18-12:40:29.413349 7f660f774700                  Options.bottommost_compression: Disabled
2021/03/18-12:40:29.413351 7f660f774700       Options.prefix_extractor: nullptr
2021/03/18-12:40:29.413353 7f660f774700   Options.memtable_insert_with_hint_prefix_extractor: nullptr
2021/03/18-12:40:29.413355 7f660f774700             Options.num_levels: 7
2021/03/18-12:40:29.413357 7f660f774700        Options.min_write_buffer_number_to_merge: 1
2021/03/18-12:40:29.413359 7f660f774700     Options.max_write_buffer_number_to_maintain: 0
2021/03/18-12:40:29.413360 7f660f774700     Options.max_write_buffer_size_to_maintain: 0
2021/03/18-12:40:29.413362 7f660f774700            Options.bottommost_compression_opts.window_bits: -14
2021/03/18-12:40:29.413364 7f660f774700                  Options.bottommost_compression_opts.level: 32767
2021/03/18-12:40:29.413366 7f660f774700               Options.bottommost_compression_opts.strategy: 0
2021/03/18-12:40:29.413368 7f660f774700         Options.bottommost_compression_opts.max_dict_bytes: 0
2021/03/18-12:40:29.413370 7f660f774700         Options.bottommost_compression_opts.zstd_max_train_bytes: 0
2021/03/18-12:40:29.413371 7f660f774700         Options.bottommost_compression_opts.parallel_threads: 1
2021/03/18-12:40:29.413374 7f660f774700                  Options.bottommost_compression_opts.enabled: false
2021/03/18-12:40:29.413386 7f660f774700         Options.bottommost_compression_opts.max_dict_buffer_bytes: 0
2021/03/18-12:40:29.413389 7f660f774700            Options.compression_opts.window_bits: -14
2021/03/18-12:40:29.413391 7f660f774700                  Options.compression_opts.level: 32767
2021/03/18-12:40:29.413392 7f660f774700               Options.compression_opts.strategy: 0
2021/03/18-12:40:29.413394 7f660f774700         Options.compression_opts.max_dict_bytes: 0
2021/03/18-12:40:29.413396 7f660f774700         Options.compression_opts.zstd_max_train_bytes: 0
2021/03/18-12:40:29.413398 7f660f774700         Options.compression_opts.parallel_threads: 1
2021/03/18-12:40:29.413400 7f660f774700                  Options.compression_opts.enabled: false
2021/03/18-12:40:29.413401 7f660f774700         Options.compression_opts.max_dict_buffer_bytes: 0
2021/03/18-12:40:29.413403 7f660f774700      Options.level0_file_num_compaction_trigger: 4
2021/03/18-12:40:29.413405 7f660f774700          Options.level0_slowdown_writes_trigger: 20
2021/03/18-12:40:29.413407 7f660f774700              Options.level0_stop_writes_trigger: 36
2021/03/18-12:40:29.413408 7f660f774700                   Options.target_file_size_base: 67108864
2021/03/18-12:40:29.413410 7f660f774700             Options.target_file_size_multiplier: 1
2021/03/18-12:40:29.413412 7f660f774700                Options.max_bytes_for_level_base: 268435456
2021/03/18-12:40:29.413413 7f660f774700 Options.level_compaction_dynamic_level_bytes: 0
2021/03/18-12:40:29.413415 7f660f774700          Options.max_bytes_for_level_multiplier: 10.000000
2021/03/18-12:40:29.413418 7f660f774700 Options.max_bytes_for_level_multiplier_addtl[0]: 1
2021/03/18-12:40:29.413420 7f660f774700 Options.max_bytes_for_level_multiplier_addtl[1]: 1
2021/03/18-12:40:29.413422 7f660f774700 Options.max_bytes_for_level_multiplier_addtl[2]: 1
2021/03/18-12:40:29.413424 7f660f774700 Options.max_bytes_for_level_multiplier_addtl[3]: 1
2021/03/18-12:40:29.413426 7f660f774700 Options.max_bytes_for_level_multiplier_addtl[4]: 1
2021/03/18-12:40:29.413428 7f660f774700 Options.max_bytes_for_level_multiplier_addtl[5]: 1
2021/03/18-12:40:29.413430 7f660f774700 Options.max_bytes_for_level_multiplier_addtl[6]: 1
2021/03/18-12:40:29.413432 7f660f774700       Options.max_sequential_skip_in_iterations: 8
2021/03/18-12:40:29.413433 7f660f774700                    Options.max_compaction_bytes: 1677721600
2021/03/18-12:40:29.413435 7f660f774700                        Options.arena_block_size: 8388608
2021/03/18-12:40:29.413437 7f660f774700   Options.soft_pending_compaction_bytes_limit: 68719476736
2021/03/18-12:40:29.413439 7f660f774700   Options.hard_pending_compaction_bytes_limit: 274877906944
2021/03/18-12:40:29.413441 7f660f774700       Options.rate_limit_delay_max_milliseconds: 100
2021/03/18-12:40:29.413443 7f660f774700                Options.disable_auto_compactions: 0
2021/03/18-12:40:29.413445 7f660f774700                        Options.compaction_style: kCompactionStyleLevel
2021/03/18-12:40:29.413447 7f660f774700                          Options.compaction_pri: kMinOverlappingRatio
2021/03/18-12:40:29.413449 7f660f774700 Options.compaction_options_universal.size_ratio: 1
2021/03/18-12:40:29.413451 7f660f774700 Options.compaction_options_universal.min_merge_width: 2
2021/03/18-12:40:29.413453 7f660f774700 Options.compaction_options_universal.max_merge_width: 4294967295
2021/03/18-12:40:29.413455 7f660f774700 Options.compaction_options_universal.max_size_amplification_percent: 200
2021/03/18-12:40:29.413457 7f660f774700 Options.compaction_options_universal.compression_size_percent: -1
2021/03/18-12:40:29.413459 7f660f774700 Options.compaction_options_universal.stop_style: kCompactionStopStyleTotalSize
2021/03/18-12:40:29.413461 7f660f774700 Options.compaction_options_fifo.max_table_files_size: 1073741824
2021/03/18-12:40:29.413463 7f660f774700 Options.compaction_options_fifo.allow_compaction: 0
2021/03/18-12:40:29.413468 7f660f774700                   Options.table_properties_collectors: 
2021/03/18-12:40:29.413477 7f660f774700                   Options.inplace_update_support: 0
2021/03/18-12:40:29.413479 7f660f774700                 Options.inplace_update_num_locks: 10000
2021/03/18-12:40:29.413481 7f660f774700               Options.memtable_prefix_bloom_size_ratio: 0.000000
2021/03/18-12:40:29.413483 7f660f774700               Options.memtable_whole_key_filtering: 0
2021/03/18-12:40:29.413485 7f660f774700   Options.memtable_huge_page_size: 0
2021/03/18-12:40:29.413487 7f660f774700                           Options.bloom_locality: 0
2021/03/18-12:40:29.413489 7f660f774700                    Options.max_successive_merges: 0
2021/03/18-12:40:29.413490 7f660f774700                Options.optimize_filters_for_hits: 0
2021/03/18-12:40:29.413492 7f660f774700                Options.paranoid_file_checks: 0
2021/03/18-12:40:29.413494 7f660f774700                Options.force_consistency_checks: 1
2021/03/18-12:40:29.413496 7f660f774700                Options.report_bg_io_stats: 0
2021/03/18-12:40:29.413498 7f660f774700                               Options.ttl: 2592000
2021/03/18-12:40:29.413499 7f660f774700          Options.periodic_compaction_seconds: 0
2021/03/18-12:40:29.413501 7f660f774700                    Options.enable_blob_files: false
2021/03/18-12:40:29.413503 7f660f774700                        Options.min_blob_size: 0
2021/03/18-12:40:29.413505 7f660f774700                       Options.blob_file_size: 268435456
2021/03/18-12:40:29.413507 7f660f774700                Options.blob_compression_type: NoCompression
2021/03/18-12:40:29.413509 7f660f774700       Options.enable_blob_garbage_collection: false
2021/03/18-12:40:29.413511 7f660f774700   Options.blob_garbage_collection_age_cutoff: 0.250000
2021/03/18-12:40:29.415215 7f660f774700 [/version_set.cc:4805] Recovered from manifest file:db/MANIFEST-000419 succeeded,manifest_file_number is 419, next_file_number is 421, last_sequence is 57182, log_number is 415,prev_log_number is 0,max_column_family is 0,min_log_number_to_keep is 0
2021/03/18-12:40:29.415224 7f660f774700 [/version_set.cc:4820] Column family [default] (ID 0), log number is 415
2021/03/18-12:40:29.415377 7f660f774700 [/version_set.cc:4118] Creating manifest 423
2021/03/18-12:40:29.568158 7f660f774700 EVENT_LOG_v1 {"time_micros": 1616042429568148, "job": 1, "event": "recovery_started", "wal_files": [420]}
2021/03/18-12:40:29.568169 7f660f774700 [/db_impl/db_impl_open.cc:849] Recovering log #420 mode 2
2021/03/18-12:40:29.570024 7f660f774700 [DEBUG] [/db_impl/db_impl_open.cc:1316] [default] [WriteLevel0TableForRecovery] Level-0 table #424: started
2021/03/18-12:40:29.573917 7f660f774700 EVENT_LOG_v1 {"time_micros": 1616042429573833, "cf_name": "default", "job": 1, "event": "table_file_creation", "file_number": 424, "file_size": 17577, "file_checksum": "", "file_checksum_func_name": "Unknown", "table_properties": {"data_size": 16533, "index_size": 158, "index_partitions": 0, "top_level_index_size": 0, "index_key_is_user_key": 1, "index_value_is_delta_encoded": 1, "filter_size": 0, "raw_key_size": 18841, "raw_average_key_size": 30, "raw_value_size": 4442, "raw_average_value_size": 7, "num_data_blocks": 5, "num_entries": 611, "num_deletions": 0, "num_merge_operands": 0, "num_range_deletions": 0, "format_version": 0, "fixed_key_len": 0, "filter_policy": "", "column_family_name": "default", "column_family_id": 0, "comparator": "leveldb.BytewiseComparator", "merge_operator": "nullptr", "prefix_extractor_name": "nullptr", "property_collectors": "[]", "compression": "NoCompression", "compression_options": "window_bits=-14; level=32767; strategy=0; max_dict_bytes=0; zstd_max_train_bytes=0; enabled=0; max_dict_buffer_bytes=0; ", "creation_time": 1616042429, "oldest_key_time": 0, "file_creation_time": 0, "db_id": "0740548f-badb-4887-a2df-e74c29a8bb49", "db_session_id": "1SP1DG4JF2B17RJ5WORB"}}
2021/03/18-12:40:29.573954 7f660f774700 [DEBUG] [/db_impl/db_impl_open.cc:1369] [default] [WriteLevel0TableForRecovery] Level-0 table #424: 17577 bytes OK
2021/03/18-12:40:29.574130 7f660f774700 [/version_set.cc:4118] Creating manifest 425
2021/03/18-12:40:29.581395 7f660f774700 EVENT_LOG_v1 {"time_micros": 1616042429581391, "job": 1, "event": "recovery_finished"}
2021/03/18-12:40:29.581656 7f660f774700 [DEBUG] [/db_impl/db_impl_files.cc:334] [JOB 2] Delete db/MANIFEST-000423 type=3 #423 -- OK
2021/03/18-12:40:29.581682 7f660f774700 [DEBUG] [/db_impl/db_impl_files.cc:334] [JOB 2] Delete db/MANIFEST-000419 type=3 #419 -- OK
2021/03/18-12:40:29.581757 7f660f774700 [le/delete_scheduler.cc:74] Deleted file db/000420.log immediately, rate_bytes_per_sec 0, total_trash_size 0 max_trash_db_ratio 0.250000
2021/03/18-12:40:29.581763 7f660f774700 [DEBUG] [/db_impl/db_impl_files.cc:334] [JOB 2] Delete db/000420.log type=0 #420 -- OK
2021/03/18-12:40:29.588748 7f660f774700 [/db_impl/db_impl_open.cc:1713] SstFileManager instance 0x7f66082aadf0
2021/03/18-12:40:29.588829 7f660f774700 DB pointer 0x7f66082ac430
2021/03/18-12:40:29.589149 7f6589ffb700 [/db_impl/db_impl.cc:927] ------- DUMPING STATS -------
2021/03/18-12:40:29.589199 7f6589ffb700 [/db_impl/db_impl.cc:929] 
** DB Stats **
Uptime(secs): 0.2 total, 0.2 interval
Cumulative writes: 0 writes, 0 keys, 0 commit groups, 0.0 writes per commit group, ingest: 0.00 GB, 0.00 MB/s
Cumulative WAL: 0 writes, 0 syncs, 0.00 writes per sync, written: 0.00 GB, 0.00 MB/s
Cumulative stall: 00:00:0.000 H:M:S, 0.0 percent
Interval writes: 0 writes, 0 keys, 0 commit groups, 0.0 writes per commit group, ingest: 0.00 MB, 0.00 MB/s
Interval WAL: 0 writes, 0 syncs, 0.00 writes per sync, written: 0.00 MB, 0.00 MB/s
Interval stall: 00:00:0.000 H:M:S, 0.0 percent

** Compaction Stats [default] **
Level    Files   Size     Score Read(GB)  Rn(GB) Rnp1(GB) Write(GB) Wnew(GB) Moved(GB) W-Amp Rd(MB/s) Wr(MB/s) Comp(sec) CompMergeCPU(sec) Comp(cnt) Avg(sec) KeyIn KeyDrop Rblob(GB) Wblob(GB)
------------------------------------------------------------------------------------------------------------------------------------------------------------------------------------------------
  L0      3/0   47.04 KB   0.8      0.0     0.0      0.0       0.0      0.0       0.0   1.0      0.0      4.2      0.00              0.00         1    0.004       0      0       0.0       0.0
  L1      1/0   17.57 KB   0.0      0.0     0.0      0.0       0.0      0.0       0.0   0.0      0.0      0.0      0.00              0.00         0    0.000       0      0       0.0       0.0
 Sum      4/0   64.61 KB   0.0      0.0     0.0      0.0       0.0      0.0       0.0   1.0      0.0      4.2      0.00              0.00         1    0.004       0      0       0.0       0.0
 Int      0/0    0.00 KB   0.0      0.0     0.0      0.0       0.0      0.0       0.0   1.0      0.0      4.2      0.00              0.00         1    0.004       0      0       0.0       0.0

** Compaction Stats [default] **
Priority    Files   Size     Score Read(GB)  Rn(GB) Rnp1(GB) Write(GB) Wnew(GB) Moved(GB) W-Amp Rd(MB/s) Wr(MB/s) Comp(sec) CompMergeCPU(sec) Comp(cnt) Avg(sec) KeyIn KeyDrop Rblob(GB) Wblob(GB)
---------------------------------------------------------------------------------------------------------------------------------------------------------------------------------------------------
User      0/0    0.00 KB   0.0      0.0     0.0      0.0       0.0      0.0       0.0   0.0      0.0      4.2      0.00              0.00         1    0.004       0      0       0.0       0.0

Blob file count: 0, total size: 0.0 GB

Uptime(secs): 0.2 total, 0.2 interval
Flush(GB): cumulative 0.000, interval 0.000
AddFile(GB): cumulative 0.000, interval 0.000
AddFile(Total Files): cumulative 0, interval 0
AddFile(L0 Files): cumulative 0, interval 0
AddFile(Keys): cumulative 0, interval 0
Cumulative compaction: 0.00 GB write, 0.10 MB/s write, 0.00 GB read, 0.00 MB/s read, 0.0 seconds
Interval compaction: 0.00 GB write, 0.10 MB/s write, 0.00 GB read, 0.00 MB/s read, 0.0 seconds
Stalls(count): 0 level0_slowdown, 0 level0_slowdown_with_compaction, 0 level0_numfiles, 0 level0_numfiles_with_compaction, 0 stop for pending_compaction_bytes, 0 slowdown for pending_compaction_bytes, 0 memtable_compaction, 0 memtable_slowdown, interval 0 total count

** File Read Latency Histogram By Level [default] **

** Compaction Stats [default] **
Level    Files   Size     Score Read(GB)  Rn(GB) Rnp1(GB) Write(GB) Wnew(GB) Moved(GB) W-Amp Rd(MB/s) Wr(MB/s) Comp(sec) CompMergeCPU(sec) Comp(cnt) Avg(sec) KeyIn KeyDrop Rblob(GB) Wblob(GB)
------------------------------------------------------------------------------------------------------------------------------------------------------------------------------------------------
  L0      3/0   47.04 KB   0.8      0.0     0.0      0.0       0.0      0.0       0.0   1.0      0.0      4.2      0.00              0.00         1    0.004       0      0       0.0       0.0
  L1      1/0   17.57 KB   0.0      0.0     0.0      0.0       0.0      0.0       0.0   0.0      0.0      0.0      0.00              0.00         0    0.000       0      0       0.0       0.0
 Sum      4/0   64.61 KB   0.0      0.0     0.0      0.0       0.0      0.0       0.0   1.0      0.0      4.2      0.00              0.00         1    0.004       0      0       0.0       0.0
 Int      0/0    0.00 KB   0.0      0.0     0.0      0.0       0.0      0.0       0.0   0.0      0.0      0.0      0.00              0.00         0    0.000       0      0       0.0       0.0

** Compaction Stats [default] **
Priority    Files   Size     Score Read(GB)  Rn(GB) Rnp1(GB) Write(GB) Wnew(GB) Moved(GB) W-Amp Rd(MB/s) Wr(MB/s) Comp(sec) CompMergeCPU(sec) Comp(cnt) Avg(sec) KeyIn KeyDrop Rblob(GB) Wblob(GB)
---------------------------------------------------------------------------------------------------------------------------------------------------------------------------------------------------
User      0/0    0.00 KB   0.0      0.0     0.0      0.0       0.0      0.0       0.0   0.0      0.0      4.2      0.00              0.00         1    0.004       0      0       0.0       0.0

Blob file count: 0, total size: 0.0 GB

Uptime(secs): 0.2 total, 0.0 interval
Flush(GB): cumulative 0.000, interval 0.000
AddFile(GB): cumulative 0.000, interval 0.000
AddFile(Total Files): cumulative 0, interval 0
AddFile(L0 Files): cumulative 0, interval 0
AddFile(Keys): cumulative 0, interval 0
Cumulative compaction: 0.00 GB write, 0.10 MB/s write, 0.00 GB read, 0.00 MB/s read, 0.0 seconds
Interval compaction: 0.00 GB write, 0.00 MB/s write, 0.00 GB read, 0.00 MB/s read, 0.0 seconds
Stalls(count): 0 level0_slowdown, 0 level0_slowdown_with_compaction, 0 level0_numfiles, 0 level0_numfiles_with_compaction, 0 stop for pending_compaction_bytes, 0 slowdown for pending_compaction_bytes, 0 memtable_compaction, 0 memtable_slowdown, interval 0 total count

** File Read Latency Histogram By Level [default] **
