2021/03/19-23:46:09.093981 7f0557c14700 RocksDB version: 6.18.0
2021/03/19-23:46:09.094024 7f0557c14700 Compile date 2021-03-08 00:52:55
2021/03/19-23:46:09.094082 7f0557c14700 DB SUMMARY
2021/03/19-23:46:09.094084 7f0557c14700 DB Session ID:  U8CJHINI6G4ILRO0B26T
2021/03/19-23:46:09.094298 7f0557c14700 CURRENT file:  CURRENT
2021/03/19-23:46:09.094300 7f0557c14700 IDENTITY file:  IDENTITY
2021/03/19-23:46:09.094310 7f0557c14700 MANIFEST file:  MANIFEST-001619 size: 387 Bytes
2021/03/19-23:46:09.094311 7f0557c14700 SST files in db dir, Total Num: 4, files: 001603.sst 001606.sst 001612.sst 001618.sst 
2021/03/19-23:46:09.094312 7f0557c14700 Write Ahead Log file in db: 001620.log size: 17993742 ; 
2021/03/19-23:46:09.094321 7f0557c14700                         Options.error_if_exists: 0
2021/03/19-23:46:09.094322 7f0557c14700                       Options.create_if_missing: 1
2021/03/19-23:46:09.094323 7f0557c14700                         Options.paranoid_checks: 1
2021/03/19-23:46:09.094324 7f0557c14700                               Options.track_and_verify_wals_in_manifest: 0
2021/03/19-23:46:09.094325 7f0557c14700                                     Options.env: 0x7f04f3f4eac0
2021/03/19-23:46:09.094326 7f0557c14700                                      Options.fs: Posix File System
2021/03/19-23:46:09.094327 7f0557c14700                                Options.info_log: 0x7f05502be990
2021/03/19-23:46:09.094328 7f0557c14700                Options.max_file_opening_threads: 16
2021/03/19-23:46:09.094329 7f0557c14700                              Options.statistics: (nil)
2021/03/19-23:46:09.094330 7f0557c14700                               Options.use_fsync: 0
2021/03/19-23:46:09.094331 7f0557c14700                       Options.max_log_file_size: 0
2021/03/19-23:46:09.094332 7f0557c14700                  Options.max_manifest_file_size: 1073741824
2021/03/19-23:46:09.094333 7f0557c14700                   Options.log_file_time_to_roll: 0
2021/03/19-23:46:09.094334 7f0557c14700                       Options.keep_log_file_num: 1000
2021/03/19-23:46:09.094335 7f0557c14700                    Options.recycle_log_file_num: 0
2021/03/19-23:46:09.094335 7f0557c14700                         Options.allow_fallocate: 1
2021/03/19-23:46:09.094336 7f0557c14700                        Options.allow_mmap_reads: 0
2021/03/19-23:46:09.094337 7f0557c14700                       Options.allow_mmap_writes: 0
2021/03/19-23:46:09.094338 7f0557c14700                        Options.use_direct_reads: 0
2021/03/19-23:46:09.094339 7f0557c14700                        Options.use_direct_io_for_flush_and_compaction: 0
2021/03/19-23:46:09.094340 7f0557c14700          Options.create_missing_column_families: 0
2021/03/19-23:46:09.094341 7f0557c14700                              Options.db_log_dir: 
2021/03/19-23:46:09.094341 7f0557c14700                                 Options.wal_dir: db
2021/03/19-23:46:09.094342 7f0557c14700                Options.table_cache_numshardbits: 6
2021/03/19-23:46:09.094343 7f0557c14700                         Options.WAL_ttl_seconds: 0
2021/03/19-23:46:09.094344 7f0557c14700                       Options.WAL_size_limit_MB: 0
2021/03/19-23:46:09.094345 7f0557c14700                        Options.max_write_batch_group_size_bytes: 1048576
2021/03/19-23:46:09.094346 7f0557c14700             Options.manifest_preallocation_size: 4194304
2021/03/19-23:46:09.094347 7f0557c14700                     Options.is_fd_close_on_exec: 1
2021/03/19-23:46:09.094348 7f0557c14700                   Options.advise_random_on_open: 1
2021/03/19-23:46:09.094348 7f0557c14700                    Options.db_write_buffer_size: 0
2021/03/19-23:46:09.094349 7f0557c14700                    Options.write_buffer_manager: 0x7f05502ad750
2021/03/19-23:46:09.094350 7f0557c14700         Options.access_hint_on_compaction_start: 1
2021/03/19-23:46:09.094351 7f0557c14700  Options.new_table_reader_for_compaction_inputs: 0
2021/03/19-23:46:09.094352 7f0557c14700           Options.random_access_max_buffer_size: 1048576
2021/03/19-23:46:09.094353 7f0557c14700                      Options.use_adaptive_mutex: 0
2021/03/19-23:46:09.094354 7f0557c14700                            Options.rate_limiter: (nil)
2021/03/19-23:46:09.094364 7f0557c14700     Options.sst_file_manager.rate_bytes_per_sec: 0
2021/03/19-23:46:09.094365 7f0557c14700                       Options.wal_recovery_mode: 2
2021/03/19-23:46:09.094366 7f0557c14700                  Options.enable_thread_tracking: 0
2021/03/19-23:46:09.094367 7f0557c14700                  Options.enable_pipelined_write: 0
2021/03/19-23:46:09.094368 7f0557c14700                  Options.unordered_write: 0
2021/03/19-23:46:09.094369 7f0557c14700         Options.allow_concurrent_memtable_write: 1
2021/03/19-23:46:09.094369 7f0557c14700      Options.enable_write_thread_adaptive_yield: 1
2021/03/19-23:46:09.094370 7f0557c14700             Options.write_thread_max_yield_usec: 100
2021/03/19-23:46:09.094371 7f0557c14700            Options.write_thread_slow_yield_usec: 3
2021/03/19-23:46:09.094372 7f0557c14700                               Options.row_cache: None
2021/03/19-23:46:09.094373 7f0557c14700                              Options.wal_filter: None
2021/03/19-23:46:09.094374 7f0557c14700             Options.avoid_flush_during_recovery: 0
2021/03/19-23:46:09.094375 7f0557c14700             Options.allow_ingest_behind: 0
2021/03/19-23:46:09.094376 7f0557c14700             Options.preserve_deletes: 0
2021/03/19-23:46:09.094376 7f0557c14700             Options.two_write_queues: 0
2021/03/19-23:46:09.094377 7f0557c14700             Options.manual_wal_flush: 0
2021/03/19-23:46:09.094378 7f0557c14700             Options.atomic_flush: 0
2021/03/19-23:46:09.094379 7f0557c14700             Options.avoid_unnecessary_blocking_io: 0
2021/03/19-23:46:09.094380 7f0557c14700                 Options.persist_stats_to_disk: 0
2021/03/19-23:46:09.094381 7f0557c14700                 Options.write_dbid_to_manifest: 0
2021/03/19-23:46:09.094381 7f0557c14700                 Options.log_readahead_size: 0
2021/03/19-23:46:09.094382 7f0557c14700                 Options.file_checksum_gen_factory: Unknown
2021/03/19-23:46:09.094383 7f0557c14700                 Options.best_efforts_recovery: 0
2021/03/19-23:46:09.094384 7f0557c14700                Options.max_bgerror_resume_count: 2147483647
2021/03/19-23:46:09.094385 7f0557c14700            Options.bgerror_resume_retry_interval: 1000000
2021/03/19-23:46:09.094386 7f0557c14700             Options.allow_data_in_errors: 0
2021/03/19-23:46:09.094387 7f0557c14700             Options.db_host_id: __hostname__
2021/03/19-23:46:09.094388 7f0557c14700             Options.max_background_jobs: 2
2021/03/19-23:46:09.094389 7f0557c14700             Options.max_background_compactions: -1
2021/03/19-23:46:09.094390 7f0557c14700             Options.max_subcompactions: 1
2021/03/19-23:46:09.094391 7f0557c14700             Options.avoid_flush_during_shutdown: 0
2021/03/19-23:46:09.094392 7f0557c14700           Options.writable_file_max_buffer_size: 1048576
2021/03/19-23:46:09.094392 7f0557c14700             Options.delayed_write_rate : 16777216
2021/03/19-23:46:09.094393 7f0557c14700             Options.max_total_wal_size: 0
2021/03/19-23:46:09.094394 7f0557c14700             Options.delete_obsolete_files_period_micros: 21600000000
2021/03/19-23:46:09.094395 7f0557c14700                   Options.stats_dump_period_sec: 600
2021/03/19-23:46:09.094396 7f0557c14700                 Options.stats_persist_period_sec: 600
2021/03/19-23:46:09.094397 7f0557c14700                 Options.stats_history_buffer_size: 1048576
2021/03/19-23:46:09.094398 7f0557c14700                          Options.max_open_files: -1
2021/03/19-23:46:09.094399 7f0557c14700                          Options.bytes_per_sync: 0
2021/03/19-23:46:09.094400 7f0557c14700                      Options.wal_bytes_per_sync: 0
2021/03/19-23:46:09.094400 7f0557c14700                   Options.strict_bytes_per_sync: 0
2021/03/19-23:46:09.094401 7f0557c14700       Options.compaction_readahead_size: 0
2021/03/19-23:46:09.094402 7f0557c14700                  Options.max_background_flushes: -1
2021/03/19-23:46:09.094403 7f0557c14700 Compression algorithms supported:
2021/03/19-23:46:09.094408 7f0557c14700 	kZSTDNotFinalCompression supported: 0
2021/03/19-23:46:09.094409 7f0557c14700 	kZSTD supported: 0
2021/03/19-23:46:09.094410 7f0557c14700 	kXpressCompression supported: 0
2021/03/19-23:46:09.094411 7f0557c14700 	kLZ4HCCompression supported: 0
2021/03/19-23:46:09.094412 7f0557c14700 	kLZ4Compression supported: 0
2021/03/19-23:46:09.094413 7f0557c14700 	kBZip2Compression supported: 0
2021/03/19-23:46:09.094414 7f0557c14700 	kZlibCompression supported: 0
2021/03/19-23:46:09.094415 7f0557c14700 	kSnappyCompression supported: 0
2021/03/19-23:46:09.094418 7f0557c14700 Fast CRC32 supported: Supported on x86
2021/03/19-23:46:09.094478 7f0557c14700 [/version_set.cc:4765] Recovering from manifest file: db/MANIFEST-001619
2021/03/19-23:46:09.094606 7f0557c14700 [/column_family.cc:596] --------------- Options for column family [default]:
2021/03/19-23:46:09.094612 7f0557c14700               Options.comparator: leveldb.BytewiseComparator
2021/03/19-23:46:09.094613 7f0557c14700           Options.merge_operator: None
2021/03/19-23:46:09.094614 7f0557c14700        Options.compaction_filter: None
2021/03/19-23:46:09.094615 7f0557c14700        Options.compaction_filter_factory: None
2021/03/19-23:46:09.094615 7f0557c14700  Options.sst_partitioner_factory: None
2021/03/19-23:46:09.094616 7f0557c14700         Options.memtable_factory: SkipListFactory
2021/03/19-23:46:09.094617 7f0557c14700            Options.table_factory: BlockBasedTable
2021/03/19-23:46:09.094636 7f0557c14700            table_factory options:   flush_block_policy_factory: FlushBlockBySizePolicyFactory (0x7f05502a9a10)
  cache_index_and_filter_blocks: 0
  cache_index_and_filter_blocks_with_high_priority: 1
  pin_l0_filter_and_index_blocks_in_cache: 0
  pin_top_level_index_and_filter: 1
  index_type: 0
  data_block_index_type: 0
  index_shortening: 1
  data_block_hash_table_util_ratio: 0.750000
  hash_index_allow_collision: 1
  checksum: 1
  no_block_cache: 0
  block_cache: 0x7f055029b460
  block_cache_name: LRUCache
  block_cache_options:
    capacity : 8388608
    num_shard_bits : 4
    strict_capacity_limit : 0
    memory_allocator : None
    high_pri_pool_ratio: 0.000
  block_cache_compressed: (nil)
  persistent_cache: (nil)
  block_size: 4096
  block_size_deviation: 10
  block_restart_interval: 16
  index_block_restart_interval: 1
  metadata_block_size: 4096
  partition_filters: 0
  use_delta_encoding: 1
  filter_policy: nullptr
  whole_key_filtering: 1
  verify_compression: 0
  read_amp_bytes_per_bit: 0
  format_version: 4
  enable_index_compression: 1
  block_align: 0
2021/03/19-23:46:09.094637 7f0557c14700        Options.write_buffer_size: 67108864
2021/03/19-23:46:09.094638 7f0557c14700  Options.max_write_buffer_number: 2
2021/03/19-23:46:09.094640 7f0557c14700          Options.compression: NoCompression
2021/03/19-23:46:09.094641 7f0557c14700                  Options.bottommost_compression: Disabled
2021/03/19-23:46:09.094642 7f0557c14700       Options.prefix_extractor: nullptr
2021/03/19-23:46:09.094643 7f0557c14700   Options.memtable_insert_with_hint_prefix_extractor: nullptr
2021/03/19-23:46:09.094644 7f0557c14700             Options.num_levels: 7
2021/03/19-23:46:09.094645 7f0557c14700        Options.min_write_buffer_number_to_merge: 1
2021/03/19-23:46:09.094645 7f0557c14700     Options.max_write_buffer_number_to_maintain: 0
2021/03/19-23:46:09.094646 7f0557c14700     Options.max_write_buffer_size_to_maintain: 0
2021/03/19-23:46:09.094647 7f0557c14700            Options.bottommost_compression_opts.window_bits: -14
2021/03/19-23:46:09.094648 7f0557c14700                  Options.bottommost_compression_opts.level: 32767
2021/03/19-23:46:09.094649 7f0557c14700               Options.bottommost_compression_opts.strategy: 0
2021/03/19-23:46:09.094650 7f0557c14700         Options.bottommost_compression_opts.max_dict_bytes: 0
2021/03/19-23:46:09.094651 7f0557c14700         Options.bottommost_compression_opts.zstd_max_train_bytes: 0
2021/03/19-23:46:09.094652 7f0557c14700         Options.bottommost_compression_opts.parallel_threads: 1
2021/03/19-23:46:09.094659 7f0557c14700                  Options.bottommost_compression_opts.enabled: false
2021/03/19-23:46:09.094660 7f0557c14700         Options.bottommost_compression_opts.max_dict_buffer_bytes: 0
2021/03/19-23:46:09.094661 7f0557c14700            Options.compression_opts.window_bits: -14
2021/03/19-23:46:09.094662 7f0557c14700                  Options.compression_opts.level: 32767
2021/03/19-23:46:09.094663 7f0557c14700               Options.compression_opts.strategy: 0
2021/03/19-23:46:09.094664 7f0557c14700         Options.compression_opts.max_dict_bytes: 0
2021/03/19-23:46:09.094664 7f0557c14700         Options.compression_opts.zstd_max_train_bytes: 0
2021/03/19-23:46:09.094665 7f0557c14700         Options.compression_opts.parallel_threads: 1
2021/03/19-23:46:09.094666 7f0557c14700                  Options.compression_opts.enabled: false
2021/03/19-23:46:09.094667 7f0557c14700         Options.compression_opts.max_dict_buffer_bytes: 0
2021/03/19-23:46:09.094668 7f0557c14700      Options.level0_file_num_compaction_trigger: 4
2021/03/19-23:46:09.094669 7f0557c14700          Options.level0_slowdown_writes_trigger: 20
2021/03/19-23:46:09.094670 7f0557c14700              Options.level0_stop_writes_trigger: 36
2021/03/19-23:46:09.094670 7f0557c14700                   Options.target_file_size_base: 67108864
2021/03/19-23:46:09.094671 7f0557c14700             Options.target_file_size_multiplier: 1
2021/03/19-23:46:09.094672 7f0557c14700                Options.max_bytes_for_level_base: 268435456
2021/03/19-23:46:09.094673 7f0557c14700 Options.level_compaction_dynamic_level_bytes: 0
2021/03/19-23:46:09.094674 7f0557c14700          Options.max_bytes_for_level_multiplier: 10.000000
2021/03/19-23:46:09.094676 7f0557c14700 Options.max_bytes_for_level_multiplier_addtl[0]: 1
2021/03/19-23:46:09.094677 7f0557c14700 Options.max_bytes_for_level_multiplier_addtl[1]: 1
2021/03/19-23:46:09.094678 7f0557c14700 Options.max_bytes_for_level_multiplier_addtl[2]: 1
2021/03/19-23:46:09.094679 7f0557c14700 Options.max_bytes_for_level_multiplier_addtl[3]: 1
2021/03/19-23:46:09.094679 7f0557c14700 Options.max_bytes_for_level_multiplier_addtl[4]: 1
2021/03/19-23:46:09.094680 7f0557c14700 Options.max_bytes_for_level_multiplier_addtl[5]: 1
2021/03/19-23:46:09.094681 7f0557c14700 Options.max_bytes_for_level_multiplier_addtl[6]: 1
2021/03/19-23:46:09.094682 7f0557c14700       Options.max_sequential_skip_in_iterations: 8
2021/03/19-23:46:09.094683 7f0557c14700                    Options.max_compaction_bytes: 1677721600
2021/03/19-23:46:09.094684 7f0557c14700                        Options.arena_block_size: 8388608
2021/03/19-23:46:09.094685 7f0557c14700   Options.soft_pending_compaction_bytes_limit: 68719476736
2021/03/19-23:46:09.094686 7f0557c14700   Options.hard_pending_compaction_bytes_limit: 274877906944
2021/03/19-23:46:09.094686 7f0557c14700       Options.rate_limit_delay_max_milliseconds: 100
2021/03/19-23:46:09.094687 7f0557c14700                Options.disable_auto_compactions: 0
2021/03/19-23:46:09.094689 7f0557c14700                        Options.compaction_style: kCompactionStyleLevel
2021/03/19-23:46:09.094690 7f0557c14700                          Options.compaction_pri: kMinOverlappingRatio
2021/03/19-23:46:09.094691 7f0557c14700 Options.compaction_options_universal.size_ratio: 1
2021/03/19-23:46:09.094691 7f0557c14700 Options.compaction_options_universal.min_merge_width: 2
2021/03/19-23:46:09.094692 7f0557c14700 Options.compaction_options_universal.max_merge_width: 4294967295
2021/03/19-23:46:09.094693 7f0557c14700 Options.compaction_options_universal.max_size_amplification_percent: 200
2021/03/19-23:46:09.094694 7f0557c14700 Options.compaction_options_universal.compression_size_percent: -1
2021/03/19-23:46:09.094695 7f0557c14700 Options.compaction_options_universal.stop_style: kCompactionStopStyleTotalSize
2021/03/19-23:46:09.094696 7f0557c14700 Options.compaction_options_fifo.max_table_files_size: 1073741824
2021/03/19-23:46:09.094697 7f0557c14700 Options.compaction_options_fifo.allow_compaction: 0
2021/03/19-23:46:09.094699 7f0557c14700                   Options.table_properties_collectors: 
2021/03/19-23:46:09.094704 7f0557c14700                   Options.inplace_update_support: 0
2021/03/19-23:46:09.094705 7f0557c14700                 Options.inplace_update_num_locks: 10000
2021/03/19-23:46:09.094706 7f0557c14700               Options.memtable_prefix_bloom_size_ratio: 0.000000
2021/03/19-23:46:09.094707 7f0557c14700               Options.memtable_whole_key_filtering: 0
2021/03/19-23:46:09.094708 7f0557c14700   Options.memtable_huge_page_size: 0
2021/03/19-23:46:09.094709 7f0557c14700                           Options.bloom_locality: 0
2021/03/19-23:46:09.094710 7f0557c14700                    Options.max_successive_merges: 0
2021/03/19-23:46:09.094710 7f0557c14700                Options.optimize_filters_for_hits: 0
2021/03/19-23:46:09.094711 7f0557c14700                Options.paranoid_file_checks: 0
2021/03/19-23:46:09.094712 7f0557c14700                Options.force_consistency_checks: 1
2021/03/19-23:46:09.094713 7f0557c14700                Options.report_bg_io_stats: 0
2021/03/19-23:46:09.094714 7f0557c14700                               Options.ttl: 2592000
2021/03/19-23:46:09.094715 7f0557c14700          Options.periodic_compaction_seconds: 0
2021/03/19-23:46:09.094715 7f0557c14700                    Options.enable_blob_files: false
2021/03/19-23:46:09.094716 7f0557c14700                        Options.min_blob_size: 0
2021/03/19-23:46:09.094717 7f0557c14700                       Options.blob_file_size: 268435456
2021/03/19-23:46:09.094718 7f0557c14700                Options.blob_compression_type: NoCompression
2021/03/19-23:46:09.094719 7f0557c14700       Options.enable_blob_garbage_collection: false
2021/03/19-23:46:09.094720 7f0557c14700   Options.blob_garbage_collection_age_cutoff: 0.250000
2021/03/19-23:46:09.095475 7f0557c14700 [/version_set.cc:4805] Recovered from manifest file:db/MANIFEST-001619 succeeded,manifest_file_number is 1619, next_file_number is 1621, last_sequence is 2466566, log_number is 1615,prev_log_number is 0,max_column_family is 0,min_log_number_to_keep is 0
2021/03/19-23:46:09.095481 7f0557c14700 [/version_set.cc:4820] Column family [default] (ID 0), log number is 1615
2021/03/19-23:46:09.095656 7f0557c14700 [/version_set.cc:4118] Creating manifest 1623
2021/03/19-23:46:09.106785 7f0557c14700 EVENT_LOG_v1 {"time_micros": 1616168769106752, "job": 1, "event": "recovery_started", "wal_files": [1620]}
2021/03/19-23:46:09.106811 7f0557c14700 [/db_impl/db_impl_open.cc:849] Recovering log #1620 mode 2
2021/03/19-23:46:09.187222 7f0557c14700 [DEBUG] [/db_impl/db_impl_open.cc:1316] [default] [WriteLevel0TableForRecovery] Level-0 table #1624: started
2021/03/19-23:46:09.199082 7f0557c14700 EVENT_LOG_v1 {"time_micros": 1616168769199056, "cf_name": "default", "job": 1, "event": "table_file_creation", "file_number": 1624, "file_size": 279980, "file_checksum": "", "file_checksum_func_name": "Unknown", "table_properties": {"data_size": 277269, "index_size": 1824, "index_partitions": 0, "top_level_index_size": 0, "index_key_is_user_key": 1, "index_value_is_delta_encoded": 1, "filter_size": 0, "raw_key_size": 197099, "raw_average_key_size": 28, "raw_value_size": 164904, "raw_average_value_size": 24, "num_data_blocks": 64, "num_entries": 6816, "num_deletions": 1, "num_merge_operands": 0, "num_range_deletions": 0, "format_version": 0, "fixed_key_len": 0, "filter_policy": "", "column_family_name": "default", "column_family_id": 0, "comparator": "leveldb.BytewiseComparator", "merge_operator": "nullptr", "prefix_extractor_name": "nullptr", "property_collectors": "[]", "compression": "NoCompression", "compression_options": "window_bits=-14; level=32767; strategy=0; max_dict_bytes=0; zstd_max_train_bytes=0; enabled=0; max_dict_buffer_bytes=0; ", "creation_time": 1616168769, "oldest_key_time": 0, "file_creation_time": 0, "db_id": "0740548f-badb-4887-a2df-e74c29a8bb49", "db_session_id": "U8CJHINI6G4ILRO0B26T"}}
2021/03/19-23:46:09.199097 7f0557c14700 [DEBUG] [/db_impl/db_impl_open.cc:1369] [default] [WriteLevel0TableForRecovery] Level-0 table #1624: 279980 bytes OK
2021/03/19-23:46:09.199663 7f0557c14700 [/version_set.cc:4118] Creating manifest 1625
2021/03/19-23:46:09.207166 7f0557c14700 EVENT_LOG_v1 {"time_micros": 1616168769207160, "job": 1, "event": "recovery_finished"}
2021/03/19-23:46:09.207784 7f0557c14700 [DEBUG] [/db_impl/db_impl_files.cc:334] [JOB 2] Delete db/MANIFEST-001623 type=3 #1623 -- OK
2021/03/19-23:46:09.207805 7f0557c14700 [DEBUG] [/db_impl/db_impl_files.cc:334] [JOB 2] Delete db/MANIFEST-001619 type=3 #1619 -- OK
2021/03/19-23:46:09.209616 7f0557c14700 [le/delete_scheduler.cc:74] Deleted file db/001620.log immediately, rate_bytes_per_sec 0, total_trash_size 0 max_trash_db_ratio 0.250000
2021/03/19-23:46:09.209657 7f0557c14700 [DEBUG] [/db_impl/db_impl_files.cc:334] [JOB 2] Delete db/001620.log type=0 #1620 -- OK
2021/03/19-23:46:09.216509 7f0557c14700 [/db_impl/db_impl_open.cc:1713] SstFileManager instance 0x7f05502b02a0
2021/03/19-23:46:09.216640 7f04f35f1700 [/compaction/compaction_job.cc:1911] [default] [JOB 3] Compacting 4@0 + 1@1 files to L1, score 1.00
2021/03/19-23:46:09.216668 7f04f35f1700 [/compaction/compaction_job.cc:1917] [default] Compaction start summary: Base version 3 Base level 0, inputs: [1624(273KB) 1618(273KB) 1612(273KB) 1606(270KB)], [1603(270KB)]
2021/03/19-23:46:09.216679 7f0557c14700 DB pointer 0x7f05502ad7b0
2021/03/19-23:46:09.216684 7f04f35f1700 EVENT_LOG_v1 {"time_micros": 1616168769216675, "job": 3, "event": "compaction_started", "compaction_reason": "LevelL0FilesNum", "files_L0": [1624, 1618, 1612, 1606], "files_L1": [1603], "score": 1, "input_data_size": 1394591}
2021/03/19-23:46:09.216982 7f04c67fc700 [/db_impl/db_impl.cc:927] ------- DUMPING STATS -------
2021/03/19-23:46:09.217010 7f04c67fc700 [/db_impl/db_impl.cc:929] 
** DB Stats **
Uptime(secs): 0.1 total, 0.1 interval
Cumulative writes: 0 writes, 0 keys, 0 commit groups, 0.0 writes per commit group, ingest: 0.00 GB, 0.00 MB/s
Cumulative WAL: 0 writes, 0 syncs, 0.00 writes per sync, written: 0.00 GB, 0.00 MB/s
Cumulative stall: 00:00:0.000 H:M:S, 0.0 percent
Interval writes: 0 writes, 0 keys, 0 commit groups, 0.0 writes per commit group, ingest: 0.00 MB, 0.00 MB/s
Interval WAL: 0 writes, 0 syncs, 0.00 writes per sync, written: 0.00 MB, 0.00 MB/s
Interval stall: 00:00:0.000 H:M:S, 0.0 percent

** Compaction Stats [default] **
Level    Files   Size     Score Read(GB)  Rn(GB) Rnp1(GB) Write(GB) Wnew(GB) Moved(GB) W-Amp Rd(MB/s) Wr(MB/s) Comp(sec) CompMergeCPU(sec) Comp(cnt) Avg(sec) KeyIn KeyDrop Rblob(GB) Wblob(GB)
------------------------------------------------------------------------------------------------------------------------------------------------------------------------------------------------
  L0      4/4    1.07 MB   0.0      0.0     0.0      0.0       0.0      0.0       0.0   1.0      0.0     22.4      0.01              0.00         1    0.012       0      0       0.0       0.0
  L1      1/1   270.94 KB   0.0      0.0     0.0      0.0       0.0      0.0       0.0   0.0      0.0      0.0      0.00              0.00         0    0.000       0      0       0.0       0.0
 Sum      5/5    1.33 MB   0.0      0.0     0.0      0.0       0.0      0.0       0.0   1.0      0.0     22.4      0.01              0.00         1    0.012       0      0       0.0       0.0
 Int      0/0    0.00 KB   0.0      0.0     0.0      0.0       0.0      0.0       0.0   1.0      0.0     22.4      0.01              0.00         1    0.012       0      0       0.0       0.0

** Compaction Stats [default] **
Priority    Files   Size     Score Read(GB)  Rn(GB) Rnp1(GB) Write(GB) Wnew(GB) Moved(GB) W-Amp Rd(MB/s) Wr(MB/s) Comp(sec) CompMergeCPU(sec) Comp(cnt) Avg(sec) KeyIn KeyDrop Rblob(GB) Wblob(GB)
---------------------------------------------------------------------------------------------------------------------------------------------------------------------------------------------------
User      0/0    0.00 KB   0.0      0.0     0.0      0.0       0.0      0.0       0.0   0.0      0.0     22.4      0.01              0.00         1    0.012       0      0       0.0       0.0

Blob file count: 0, total size: 0.0 GB

Uptime(secs): 0.1 total, 0.1 interval
Flush(GB): cumulative 0.000, interval 0.000
AddFile(GB): cumulative 0.000, interval 0.000
AddFile(Total Files): cumulative 0, interval 0
AddFile(L0 Files): cumulative 0, interval 0
AddFile(Keys): cumulative 0, interval 0
Cumulative compaction: 0.00 GB write, 2.18 MB/s write, 0.00 GB read, 0.00 MB/s read, 0.0 seconds
Interval compaction: 0.00 GB write, 2.18 MB/s write, 0.00 GB read, 0.00 MB/s read, 0.0 seconds
Stalls(count): 0 level0_slowdown, 0 level0_slowdown_with_compaction, 0 level0_numfiles, 0 level0_numfiles_with_compaction, 0 stop for pending_compaction_bytes, 0 slowdown for pending_compaction_bytes, 0 memtable_compaction, 0 memtable_slowdown, interval 0 total count

** File Read Latency Histogram By Level [default] **

** Compaction Stats [default] **
Level    Files   Size     Score Read(GB)  Rn(GB) Rnp1(GB) Write(GB) Wnew(GB) Moved(GB) W-Amp Rd(MB/s) Wr(MB/s) Comp(sec) CompMergeCPU(sec) Comp(cnt) Avg(sec) KeyIn KeyDrop Rblob(GB) Wblob(GB)
------------------------------------------------------------------------------------------------------------------------------------------------------------------------------------------------
  L0      4/4    1.07 MB   0.0      0.0     0.0      0.0       0.0      0.0       0.0   1.0      0.0     22.4      0.01              0.00         1    0.012       0      0       0.0       0.0
  L1      1/1   270.94 KB   0.0      0.0     0.0      0.0       0.0      0.0       0.0   0.0      0.0      0.0      0.00              0.00         0    0.000       0      0       0.0       0.0
 Sum      5/5    1.33 MB   0.0      0.0     0.0      0.0       0.0      0.0       0.0   1.0      0.0     22.4      0.01              0.00         1    0.012       0      0       0.0       0.0
 Int      0/0    0.00 KB   0.0      0.0     0.0      0.0       0.0      0.0       0.0   0.0      0.0      0.0      0.00              0.00         0    0.000       0      0       0.0       0.0

** Compaction Stats [default] **
Priority    Files   Size     Score Read(GB)  Rn(GB) Rnp1(GB) Write(GB) Wnew(GB) Moved(GB) W-Amp Rd(MB/s) Wr(MB/s) Comp(sec) CompMergeCPU(sec) Comp(cnt) Avg(sec) KeyIn KeyDrop Rblob(GB) Wblob(GB)
---------------------------------------------------------------------------------------------------------------------------------------------------------------------------------------------------
User      0/0    0.00 KB   0.0      0.0     0.0      0.0       0.0      0.0       0.0   0.0      0.0     22.4      0.01              0.00         1    0.012       0      0       0.0       0.0

Blob file count: 0, total size: 0.0 GB

Uptime(secs): 0.1 total, 0.0 interval
Flush(GB): cumulative 0.000, interval 0.000
AddFile(GB): cumulative 0.000, interval 0.000
AddFile(Total Files): cumulative 0, interval 0
AddFile(L0 Files): cumulative 0, interval 0
AddFile(Keys): cumulative 0, interval 0
Cumulative compaction: 0.00 GB write, 2.18 MB/s write, 0.00 GB read, 0.00 MB/s read, 0.0 seconds
Interval compaction: 0.00 GB write, 0.00 MB/s write, 0.00 GB read, 0.00 MB/s read, 0.0 seconds
Stalls(count): 0 level0_slowdown, 0 level0_slowdown_with_compaction, 0 level0_numfiles, 0 level0_numfiles_with_compaction, 0 stop for pending_compaction_bytes, 0 slowdown for pending_compaction_bytes, 0 memtable_compaction, 0 memtable_slowdown, interval 0 total count

** File Read Latency Histogram By Level [default] **
2021/03/19-23:46:09.235437 7f04f35f1700 [/compaction/compaction_job.cc:1539] [default] [JOB 3] Generated table #1629: 6815 keys, 279991 bytes
2021/03/19-23:46:09.235480 7f04f35f1700 EVENT_LOG_v1 {"time_micros": 1616168769235459, "cf_name": "default", "job": 3, "event": "table_file_creation", "file_number": 1629, "file_size": 279991, "file_checksum": "", "file_checksum_func_name": "Unknown", "table_properties": {"data_size": 277257, "index_size": 1824, "index_partitions": 0, "top_level_index_size": 0, "index_key_is_user_key": 1, "index_value_is_delta_encoded": 1, "filter_size": 0, "raw_key_size": 197082, "raw_average_key_size": 28, "raw_value_size": 164904, "raw_average_value_size": 24, "num_data_blocks": 64, "num_entries": 6815, "num_deletions": 0, "num_merge_operands": 0, "num_range_deletions": 0, "format_version": 0, "fixed_key_len": 0, "filter_policy": "", "column_family_name": "default", "column_family_id": 0, "comparator": "leveldb.BytewiseComparator", "merge_operator": "nullptr", "prefix_extractor_name": "nullptr", "property_collectors": "[]", "compression": "NoCompression", "compression_options": "window_bits=-14; level=32767; strategy=0; max_dict_bytes=0; zstd_max_train_bytes=0; enabled=0; max_dict_buffer_bytes=0; ", "creation_time": 1616142385, "oldest_key_time": 0, "file_creation_time": 1616168769, "db_id": "0740548f-badb-4887-a2df-e74c29a8bb49", "db_session_id": "U8CJHINI6G4ILRO0B26T"}}
2021/03/19-23:46:09.237927 7f04f35f1700 [/compaction/compaction_job.cc:1615] [default] [JOB 3] Compacted 4@0 + 1@1 files to L1 => 279991 bytes
2021/03/19-23:46:09.240490 7f04f35f1700 (Original Log Time 2021/03/19-23:46:09.240413) [/compaction/compaction_job.cc:820] [default] compacted to: files[0 1 0 0 0 0 0] max score 0.00, MB/sec: 74.2 rd, 14.9 wr, level 1, files in(4, 1) out(1 +0 blob) MB in(1.1, 0.3 +0.0 blob) out(0.3 +0.0 blob), read-write-amplify(1.5) write-amplify(0.3) OK, records in: 34024, records dropped: 27209 output_compression: NoCompression
2021/03/19-23:46:09.240501 7f04f35f1700 (Original Log Time 2021/03/19-23:46:09.240441) EVENT_LOG_v1 {"time_micros": 1616168769240429, "job": 3, "event": "compaction_finished", "compaction_time_micros": 18801, "compaction_time_cpu_micros": 15780, "output_level": 1, "num_output_files": 1, "total_output_size": 279991, "num_input_records": 34024, "num_output_records": 6815, "num_subcompactions": 1, "output_compression": "NoCompression", "num_single_delete_mismatches": 0, "num_single_delete_fallthrough": 0, "lsm_state": [0, 1, 0, 0, 0, 0, 0]}
2021/03/19-23:46:09.852966 7f0540afa700 [le/delete_scheduler.cc:74] Deleted file db/001624.sst immediately, rate_bytes_per_sec 0, total_trash_size 0 max_trash_db_ratio 0.250000
2021/03/19-23:46:09.852982 7f0540afa700 [DEBUG] [/db_impl/db_impl_files.cc:334] [JOB 0] Delete db/001624.sst type=2 #1624 -- OK
2021/03/19-23:46:09.853002 7f0540afa700 EVENT_LOG_v1 {"time_micros": 1616168769852997, "job": 0, "event": "table_file_deletion", "file_number": 1624}
2021/03/19-23:46:09.853120 7f0540afa700 [le/delete_scheduler.cc:74] Deleted file db/001618.sst immediately, rate_bytes_per_sec 0, total_trash_size 0 max_trash_db_ratio 0.250000
2021/03/19-23:46:09.853127 7f0540afa700 [DEBUG] [/db_impl/db_impl_files.cc:334] [JOB 0] Delete db/001618.sst type=2 #1618 -- OK
2021/03/19-23:46:09.853135 7f0540afa700 EVENT_LOG_v1 {"time_micros": 1616168769853133, "job": 0, "event": "table_file_deletion", "file_number": 1618}
2021/03/19-23:46:09.853226 7f0540afa700 [le/delete_scheduler.cc:74] Deleted file db/001612.sst immediately, rate_bytes_per_sec 0, total_trash_size 0 max_trash_db_ratio 0.250000
2021/03/19-23:46:09.853232 7f0540afa700 [DEBUG] [/db_impl/db_impl_files.cc:334] [JOB 0] Delete db/001612.sst type=2 #1612 -- OK
2021/03/19-23:46:09.853240 7f0540afa700 EVENT_LOG_v1 {"time_micros": 1616168769853238, "job": 0, "event": "table_file_deletion", "file_number": 1612}
2021/03/19-23:46:09.853330 7f0540afa700 [le/delete_scheduler.cc:74] Deleted file db/001606.sst immediately, rate_bytes_per_sec 0, total_trash_size 0 max_trash_db_ratio 0.250000
2021/03/19-23:46:09.853337 7f0540afa700 [DEBUG] [/db_impl/db_impl_files.cc:334] [JOB 0] Delete db/001606.sst type=2 #1606 -- OK
2021/03/19-23:46:09.853344 7f0540afa700 EVENT_LOG_v1 {"time_micros": 1616168769853342, "job": 0, "event": "table_file_deletion", "file_number": 1606}
2021/03/19-23:46:09.853426 7f0540afa700 [le/delete_scheduler.cc:74] Deleted file db/001603.sst immediately, rate_bytes_per_sec 0, total_trash_size 0 max_trash_db_ratio 0.250000
2021/03/19-23:46:09.853432 7f0540afa700 [DEBUG] [/db_impl/db_impl_files.cc:334] [JOB 0] Delete db/001603.sst type=2 #1603 -- OK
2021/03/19-23:46:09.853439 7f0540afa700 EVENT_LOG_v1 {"time_micros": 1616168769853437, "job": 0, "event": "table_file_deletion", "file_number": 1603}
